11111111111111111111111111111111111111111111111111111111111111110000000000000000000000000000000000000000000000000000000000000001
01011000010111011100100100100110110110100101100011100100111111111111010000111001001101111111000001111000001111110101001100011101
11111101110001011111100010101111011001001010101000101110111100111010000100001101011001011001000100101101110000111111000010110100
00010100101000000001110110000001010101000111011111111001010101101001100100101101010011010111101000001001010010010010010010111011
10100111111101101100100110001001110000111110011010000001100111110101100110111001111111101110011110011111101101001001110010001011
10110110100100101110001011101101100111110111110110010011110001001001010111110100001000001101001101111000110011010111100101100011
10111110100001100010111100101011100001001011111110011010001010101101010111100110001011000110111010010110110110010011110101110101
11110010110101011101100000001010011100010111110000010000000101110011011101111101011001011111100011110110111100110000101010001111
00101101010100001010001011101101110011010110001010010011110101100010010001001011001000010010000001010110010011000101011011101100
11000001111100001010011001010011101100110111010101011011011010101000010110100111011011110100101110010101100011101110010100101111
01111010110111101110100110111110101000001101111011100001100111101100001001110001111010101010101011111011111111011001101100111110
01010100010000001011100110100010110100010000101101011110000010001000010000110011010000010111101110110111111110100000011101101000
10011000001010100010011111011001101011011001101011001001000000110100101000100101100000101000101011011110010011000001011000000011
10001001100011111100110000110101000110100110101110101101001101110001010111101101011011010100011011101000101011100011010011001000
10111011101010010100110111100100000110110111010010111001010010011100010111000000001010101010000110111100101111101011011111010001
11001110000010001101101001100000101110101101001001100001101110101011001011001100001111111100010010100001000010110110101010011111
10100000010111001101111010111010100000101000010000100011111101100101100000100011010101110110010001010010101111110101010111110111
10011010110010111010100100010101011001110100110011110110110111100111011011111101010101010101100001011110100101111010110100101011
11000000101110101001111011001001011010011111100111001011100000111010010010101001101000010001111000110011001100111101000110000110
11000100110011000000010110011110101101100111010011100110100110111000101011001101110101000101000011001100001111100111011101000010
10010010101011000000100101110001110100011101001001100111100010110101101010110100011100101010011111011111010110010100111000100110
11000101010000100110000010101000001101001011110110010011000110101100101110100101100000101010101010010011010001101010011000011110
10101000010110010001011000011110101101000000101000000101101110001010100001001001011111101100100000100000110100111011010110111000
01100111110001111001010000001010011001011110111001111101100000000101110110000100011110111011110011000110000000010110100001111000
01100111011100111001000101011111110010011001110101010010100001000000101100000100011100101101110000100101000101010110101110011001
00001101100111010100000000100100001100000011100011010010100011011101111001100110010010000011111100110101010101001101011001101110
01111011101010111100110001011011010001010110111011000011000010101110010111101100101001000001010110001111001100111111010011010001
01011000101000100000110001100101001010010000001011010001001110100101011110101010101010101100010000111000000011001001101001010110
10010011011011101100100111011001010110101111010000011101110011000010001011000100110011010100110001101000101001110110000001111111
00100011110001110110100010001010100100100100010100001010101100001011010100111011001110001000110111110110111111000011111111101000
01110000011111000001111011011101011000100100100111011100111000000001001000100010101011101111111010111000111000110011011000111010
10101010110101100000001001110101010011101011011110111010000101001111100101000001010111100110011010101100101001000101101110011100
11010000000100011111000100011101110100111111010000110100111001011100110101000111111100010001101001011011010101011111000101101111
11110100111011101011010111101010101001010000100010111011111111111111001010101011010100001110001100110110110000111010011111000000
11100111001101101111001001000111111101000011111011111011111101111011001101101110100010110011100110100101100000111110110110000100
10101010011101010100110011010100001010100001110010001100010011101011000010000111001110001000111100110100000010001011111110001001
01000111100011000010100101110101011110101101010010011001001111111111010101001000010011010100111000100101011101000000100001110101
10001001011011110000110100001111000011111110001111011110110101111111100000111110011001111011110111001110101010011100010001110101
00001000000110101111110100101111100101101101011110001111101100110110101100100100011010010111100110001100000010010110010010100101
11101110000101100101000111101110110000001101111011000101000011011000000111010010110101101001000010100011000000001010110011001111
10010001100001000111111011011010001111111010001000000000100000010111010011000011011110010011100010011000011001010000011000100011
01110001101100100011110000000110001010111010001000000010000111011111000011100000001100000100101011110010010011110001110011100101
11001000110000101001111010110011000100001111001010101000011000101011100001100010111000000100011110100001000111000100100011000010
01101110000011110111010011010100111110100111110001010011101100100011010100111100101101110100111010111111000000001001101110100110
11011011111000010110110100101111011000110100010100101100100101000011001001111101110110100111111110111111111100100110101101000011
01110100100111010110100110010010110011001001010011011001101111010000100101111000110011000101011100100001011010011101001110100101
11001100101010111010111100001110110001001000110111101100001101011100101101110001111011010010110110110100110100011000110110111000
10000011101100101110010111111101100110101101010001110110111110111101100010011010110001011101011000100010001011000110010001000111
11101001001110010100110000100101010010100000100001100111110110100010100111011110110010110000011111011010000100010110101011000000
10001110001001110111000101110100101001000100111011001110001111001000111000100000011110101101110000111001110110111101100011011010
00111100010001101010001101111110000100111001010100001110010011110010101100011011111100011101111101101011110000110110001011000111
11010000110010111011001101100101101100101010011010010100110010010010101100100001001001010101001111101110100101100001000100010010
11010101010110101010101100011000100010110110100101100101101011011100011011100110110001001101011000110001100110101100011001111101
10100100010100000010001001101011111111000111000111001110001100010111011101111100110010010011000001110101100010110101000101110000
00010000011100101001010111110111000100101000010100001011010100010001110100011101100101111100000010010100010100010101111111111101
01000110101000111011000011110101111110010010100110000010010000100100111000011010101010111011110000111001110110000010100010101001
10100001011111110111011011100101100100011010110110001001011011101100011000010011000110110100111000110110011101011001100101010100
00100010111011101010000111101001110010011001000011001111110001011001011010100100101101110111010111000011100111100110110111111001
01111100110111101100110110000100010111011001101100110111011111011011111100011100100111100101110110011111101101110110001001010110
01001000100011100110001110011011010011111111110101000110110001011110111011001111000001111110011101010000001110110011100010100100
00001111011101110011111001011111000011100111111010101010101000111100111111010100100110100001100010011011011011001100111100001110
01111110000100001110010111110111000010011101100010100110101011011000100010111000111010101110111101100100000110110100111011101010
01101101000111000111011001100101110001011000101001111111101111110101011011101101001010101100011110011000101011110100010000111101
11011001111001001000111001110010101101110100011101111100011001010011000010000101110001100110010110100000011100100111101111100000
10111101010000011110001011000100111111001111111001101101111010010111101101101011100111000001101100101100111110000011100001011111
00110101011111000101011011000010001000111001100111100010100110100101001101111111100000001100001111001111111000001001011001001010
11101100111111011101000000101001111111001110101010110111011111100111001100101110110100011100001111010100110010001000101101100100
00000101111001111110111110000000110000001000110100100100101010111010010011101100000100101000000010001000101000000000110010101100
10001011110001111001010011001000011100110101100100110000100010110111001011000010001010100000010001010111111000110101010000111001
10100101111101001000100001111001100000000010001011111011001101010000000001101000000101001101001000110000100101111000010110111110
00001110011001111111111110011100011101101011101010101110110000000011001101110010000011011110001000011110011111100100101111101110
11000110101110101001101000001011110110101001100111110010000110111100100001100101000101000011111010001001101100000100000011110011
10000100110011110010100010111001011001111100101110101101000100000101011000011101110110011011011101010100101110110101100100110011
10110011000011100111001110010010010111001011011101010101011000010100101001010100100100111001011110101110110011110010110101000011
00011110111110010100010101110111100011111000000011000111001101100100100101111001000011101110111011101010001000101101000001000011
11011110110111100001100000110110010100000011110001011101111100010010010100001100111000001101011000101000001100010111110100011010
01110110100010110010011111100101100000110001000011010001110011101100111001100001100101101100000100001010011011001001101101011110
00011010011001100010110001110101110101011011101011010110000100000100111010001000000011101110011111001101101111011100111011110000
10010000001010110110011110101100000000000001111111000100011000111000100010110000000011100010000111110000000101000110010010001010
01010111001101100000000000001000111000011000101110101000000101000100010000111100000100011011100101111001000010000001011111100111
00011111101110100110100011110110010000100100000100110010010001001100111111100100001110100001000111101100101001110111010010000010
01111011100100101110001100001010001101101110110101110010101001001101100101001101000000001010101010101001110011110011110000111101
10011110111101010110011000000100011110111110000010110000011011100111001001010100001100100010110111001010010100000111000001100100
10000110100011001000111011010011111101000111101001010010110000011010111010100000101000000010110010101001010001111011100100010111
01101111000110110011000111000001011101001111111100001100111100011001101001010010101011011011110001110101101101111110110011110111
01001001111001010111011111110011001101100000111010010111101111000010100110101101000011000010010010111100000010011001110000011110
01111111101101010101110011101011101100010111100010010010000010001011010100011001011010101101110001000101101101001100001000110000
10001110100100011011110011010100010100111001111101010100111010111011100110111000101001111000100001111110011000011111011010001010
00111010000010111100000110001101000111011001000010100011001101100111110100001101000110000111011110011100111100110010111101001111
01001011101001000010001011000100010000100001100101001110000010000111001110110101101111000000001010101010110100101010010111101010
10011000001000011001111100001000110001100110011011011000111000001100110111101010010111100111111000000100001111111011101100100111
01011110000011000001001100010000101011111001111101101001111001001111011011000101100100100000111000111101011011111100010100010100
11001110010110010101010100010111101010010110011001010110011100000001100110000001011110111100000111110001001111001111011000110110
01011010110100111001001101010101100100111111111111100111000000111001100010110010101001001100010101110101010011101101111110100100
11100111011000010100000011001001000111111010000100101011101001010101110110110010100110011001000100110111001010111111111010010000
00000010001000100101000011011111111010110001011000011100101110100001110100100011011011001011001110111001011101100010010101110100
01101110000101001101011111000011110000110101010100000011101100101110100011010101001100101100111111010010111101011111110000110110
10000001110110011111010001000010101100100010001011110100100010111110000110000111001100111111110101001010001111111010000111100111
10011011110010001101011011010001100110001100011100100111010110011011011100110001101011110100110100111000001010100100011000100101
11111111111111111111111111111111111111111111111111111111111111110000000000000000000000000000000000000000000000000000000000000001
