00010011
10101100
10100101
00100110
11010101
01011011
01010010
10111011
01011101
00000010
11010101
11001101
01110111
01101110
01100001
10010101
01101111
00011001
11000100
11100110
11110110
10101101
11111010
01011010
10100111
10010101
10111000
01101110
11111111
00011100
11000001
01011011
11010010
01001011
10100100
10110010
00101011
00110100
01000101
00011100
00111011
00111100
11100111
11011111
01101100
01011111
10100000
10010010
10000001
10001100
01101010
11101001
00001111
11011000
10111101
10110110
00010000
11101111
01001011
00000110
00101000
11000101
01010000
00100101
11101101
00110111
11100101
01101011
11100000
11111001
01000110
10001101
10110011
01001011
11110110
10110110
11111011
11110010
01011010
11110110
10110111
00111111
10010010
01001100
00010100
10101110
00001111
10011101
01010010
11010001
10000011
00101010
00101011
10011101
11001000
10110111
11110001
00100101
01000101
11011111
